10013
100180
100217
10106
101156
10120
101490
1015
10205
102207
10221
102304
102492
102778
103081
10389
103958
10455
104631
10516
105308
10556
10576
105824
10616
10621
10631
10680
107011
10738
10772
108098
10821
10865
10952
10962
11012
110209
11109
11194
11215
11217
11244
11250
113079
113099
11325
11387
114849
114962
11505
115401
11557
11593
11697
11750
11757
117888
118315
11845
119339
11935
12072
12074
12153
12155
12157
12287
12359
12389
12554
12556
12706
12720
1273
12770
12780
12922
130
1301
13013
13063
13124
13212
13270
13326
13397
134
13413
13436
13479
13553
13603
13606
13625
1363
13717
1379
13813
13865
13936
13956
13982
1401
14031
14109
14131
14210
14261
14408
14559
14569
14597
14645
14656
14823
14840
14843
14931
14941
1497
15013
15133
15156
15157
15171
15269
15275
15301
15303
15345
1535
15485
15524
15735
15781
15823
15826
15841
15887
1592
15996
16013
16026
16037
16063
16077
16135
16163
16169
16225
16226
16281
1640
1641
16519
16537
16552
16555
16651
16689
16729
16737
16767
1679
16866
16904
16931
16941
16975
17123
17163
17186
17392
17431
17441
17459
17507
1752
17549
17564
176
17632
1769
17721
17722
17744
17753
17770
17931
18022
18036
18060
18086
18114
18190
182
18276
18359
1856
18594
18649
18668
1872
18787
18795
18860
18902
18907
19204
1921
19232
19516
1956
19610
19682
19690
19691
19756
19811
1985
1987
19965
20029
20070
2013
20142
20196
2020
20229
20230
20234
20235
20546
20563
20587
20588
20639
20649
20903
20992
21001
21049
2126
21345
21435
21527
21618
21686
21951
2200
22122
2216
22273
22291
22292
22377
22498
22736
2278
22804
22821
22836
22979
22998
230
2303
23074
23173
2323
23279
2334
23420
23616
23922
23954
23980
24145
24162
24301
24312
24317
24329
24432
24441
24475
24549
24576
24578
24657
24726
24740
24745
24762
24770
24942
25003
25011
25012
25014
25069
25132
25245
25265
25288
25399
25400
25468
25701
25745
25792
25895
25925
25949
25966
260
26022
26076
2609
26123
26249
26359
26414
26559
26561
26617
26625
2701
27088
27153
27161
27171
27259
27263
27283
27334
27357
275
27619
27730
2775
27753
27755
27794
2782
27960
27971
28091
28192
28229
2840
28467
28468
28519
28575
2858
28629
28648
28842
28870
29124
29439
29463
29496
29715
29810
29971
30051
30079
3018
30196
3031
30383
30496
30508
30670
3076
30823
30826
30832
3084
30910
31054
31065
31118
31180
31181
31365
31667
31753
31804
31822
3187
3188
31925
32019
3222
3228
32309
32317
3234
32492
3258
32748
32888
32966
33037
33124
33205
33255
33293
33322
33408
33532
33657
33723
3374
33771
33882
34084
34116
34177
34178
3420
34229
34815
34894
3504
35128
35154
352
35208
35283
3556
35778
3578
35970
36015
36033
36040
36079
36178
36321
3638
3639
36546
36554
36714
36741
36911
3695
37125
37168
37330
37353
37703
37731
37739
37816
3811
38301
38350
38375
38394
38410
38607
38647
3867
38702
38914
39056
39145
3940
3952
39588
39743
398
3990
40463
40786
410
4146
4158
41663
41673
41683
41913
42045
42104
42570
42764
42892
43088
43211
43232
43554
43665
43669
43670
43700
43794
4380
43914
44211
44221
44332
44435
44544
4464
44640
44701
44850
45488
456
45938
45964
45981
45988
46069
46072
4610
46156
46231
4631
46676
4675
46851
47286
47350
4756
47582
47929
47930
4796
4802
48238
48315
4834
48670
4873
49107
49116
4931
4935
49438
49526
49557
4993
4997
50047
50135
50415
50660
50895
50936
51371
51378
51394
514
51531
51542
5189
51927
5201
52138
5220
52219
52230
52317
52439
52511
52551
52580
526
5260
52642
52745
52757
52987
53038
53095
53111
53210
5345
53493
53503
53612
5363
53662
53699
53937
54303
54369
54443
5448
54638
54883
55089
55148
55235
55239
5545
5564
55669
55684
55696
56071
561
56168
56390
56425
56448
565
5668
56734
56884
57232
5747
57482
5793
5798
57999
5823
58450
58473
58544
59145
59190
59261
59341
59372
5957
5958
5960
59617
5962
5988
59950
60006
60523
60597
61
6110
61223
61279
6133
6143
6149
61619
61823
61906
6242
62566
62690
62760
63235
63309
6336
63538
63543
63555
6363
63744
63798
638
6385
64029
6404
64202
64374
64447
6446
64511
646
64816
6483
6494
64970
65082
6520
6524
6525
65277
6541
6551
6568
65723
65796
66384
66487
6651
66882
67080
67131
67882
67998
68012
6832
68396
68417
68448
68640
687
68717
690
69080
69123
69836
69887
700
70737
70971
71059
71275
71523
7172
7176
71827
71990
720
72104
72252
72312
72325
72410
72770
7284
736
73816
74009
74434
74659
74762
74923
75138
75255
75398
7547
75520
756
75648
75666
7597
76419
76543
771
77382
77479
7799
782
79123
79707
79942
7999
80153
80174
8018
80855
80971
8164
8166
8204
83892
8403
8419
84375
84608
8515
8544
8654
8659
87125
8760
878
880
8817
90323
90857
91038
91216
91321
9156
9157
91845
91908
9194
9203
9204
921
9362
9567
9613
9617
9763
9775
98248
9864
98770
99595
9987
